4.346800131419735758e-01 3.506017254848854403e-01 2.147182613731409839e-01
6.468647838630943170e-01 2.173814790651515672e-01 1.357537370717540881e-01
6.292489827404517122e-01 2.349140153631248396e-01 1.358370018964234205e-01
4.726743962444462932e-01 3.193402146271930864e-01 2.079853891283606482e-01
4.486222994159679289e-01 2.881130907080143300e-01 2.632646098760176301e-01
4.496667339956820220e-01 2.922568200076349765e-01 2.580764459966831681e-01
5.348811452454750315e-01 2.446058405089439058e-01 2.205130142455810349e-01
6.382885925475084710e-01 2.239440207751285661e-01 1.377673866773629074e-01
4.698682105046164126e-01 2.719784579229860833e-01 2.581533315723975042e-01
4.104290686629257778e-01 3.196406298951054437e-01 2.699303014419688340e-01
3.481955580656627691e-01 3.352753064975167452e-01 3.165291354368204857e-01
4.582665261112072730e-01 3.041257724561609588e-01 2.376077014326317127e-01
3.794133724988651979e-01 3.218317791622902213e-01 2.987548483388445808e-01
5.246846513787575272e-01 2.636081165797746761e-01 2.117072320414679076e-01
3.696969957168282361e-01 3.226500559957850567e-01 3.076529482873867072e-01
3.823815226201514594e-01 3.723980453991235229e-01 2.452204319807251010e-01
3.711821995831884324e-01 3.637257783517886534e-01 2.650920220650229142e-01
6.278947521698001744e-01 2.319193680848714856e-01 1.401858797453283123e-01
4.218873381001740364e-01 2.958128563672969280e-01 2.822998055325291467e-01
4.405641343885370875e-01 3.381226751583377155e-01 2.213131904531251970e-01
5.279383925795674282e-01 2.508774672282812479e-01 2.211841401921514350e-01
4.825390478954179607e-01 3.062689277266529841e-01 2.111920243779289719e-01
5.203742769201475937e-01 2.449887720399381574e-01 2.346369510399142488e-01
6.648129971563236928e-01 1.854384876541232408e-01 1.497485151895530664e-01
4.103451254407191606e-01 3.047151398153411517e-01 2.849397347439396877e-01
5.206218982502154313e-01 2.749503753492792413e-01 2.044277264005053552e-01
3.828557585127147500e-01 3.297033983911790700e-01 2.874408430961060690e-01
4.725341490803895428e-01 3.522928866605418707e-01 1.751729642590685865e-01
9.999546466219179086e-01 2.447225029252086595e-05 2.088112778944979712e-05
3.911174673610153807e-01 3.460006738004641202e-01 2.628818588385206101e-01
3.467372878930018443e-01 3.385167102253418547e-01 3.147460018816563010e-01
5.492339280553141245e-01 2.263795186274812077e-01 2.243865533172046400e-01
5.918335793835783898e-01 2.053204261818338539e-01 2.028459944345876731e-01
6.074319546343263099e-01 2.132847948527091253e-01 1.792832505129646203e-01
4.789612854057103131e-01 2.770184796882294576e-01 2.440202349060602571e-01
3.788012701003832805e-01 3.509488504706785861e-01 2.702498794289381889e-01
4.448175942666210414e-01 3.002636534101423837e-01 2.549187523232366859e-01
4.137703916167638774e-01 3.002734785168473808e-01 2.859561298663886308e-01
4.530959655315198176e-01 2.958045588892839750e-01 2.510994755791961519e-01
4.278443366727859298e-01 3.045714279769783928e-01 2.675842353502356774e-01
9.999094419954666080e-01 5.288653620838577960e-05 3.767146832504642614e-05
5.347389163911400178e-01 2.516891633442860932e-01 2.135719202645738335e-01
4.253686279098219947e-01 3.133776621698420306e-01 2.612537099203359747e-01
3.883930750945291388e-01 3.310961111408383117e-01 2.805108137646325495e-01
5.769379571592326839e-01 2.398792704225722605e-01 1.831827724181950556e-01
4.643795681067913739e-01 2.923954651180781239e-01 2.432249667751303912e-01
5.752544041448969248e-01 2.529195025234826089e-01 1.718260933316203831e-01
4.663980627347819596e-01 3.858322121737333132e-01 1.477697250914847271e-01
4.446333385832944574e-01 3.566716238415962859e-01 1.986950375751092290e-01
5.240032093877635688e-01 2.797192810163114940e-01 1.962775095959249372e-01
9.999852758738025926e-01 8.013252036022105944e-06 6.710874161338677824e-06
5.173160174791290311e-01 3.200175671985495129e-01 1.626664153223214282e-01
4.372931851048345031e-01 3.234921052269049135e-01 2.392147096682605834e-01
4.790893729798186840e-01 2.989021212048260656e-01 2.220085058153552504e-01
4.277146166525050974e-01 3.388769361505789002e-01 2.334084471969160024e-01
3.621934897845253132e-01 3.190534450880880279e-01 3.187530651273866589e-01
4.185481335791662594e-01 3.703571819748598393e-01 2.110946844459739014e-01
3.754575704142441017e-01 3.456188810780809750e-01 2.789235485076748122e-01
5.046647940452181347e-01 2.524848534095615604e-01 2.428503525452203049e-01
4.614613986302912862e-01 3.015693730090142077e-01 2.369692283606945338e-01
6.945922967793548564e-01 1.542591513346805165e-01 1.511485518859646271e-01
3.836324974674916177e-01 3.629461517464275255e-01 2.534213507860807457e-01
4.661679239756996163e-01 2.700288410249881976e-01 2.638032349993121306e-01
4.628215766822325605e-01 3.048486099914549108e-01 2.323298133263123622e-01
3.489130800433469792e-01 3.480494783082481725e-01 3.030374416484049038e-01
4.346759049799451824e-01 4.057958812093053758e-01 1.595282138107493863e-01
5.540009538344188300e-01 2.818719498456807582e-01 1.641270963199005506e-01
3.752502890103021627e-01 3.243883683977195065e-01 3.003613425919782198e-01
5.050192220768320306e-01 3.046440715896632234e-01 1.903367063335048015e-01
9.998715468050547450e-01 7.416626992541901968e-05 5.428692501996483624e-05
3.747836788933822105e-01 3.583818354640900261e-01 2.668344856425277634e-01
9.999030328314805205e-01 5.084393597195896886e-05 4.612323254745819017e-05
4.230217837014922933e-01 3.092339200558872347e-01 2.677442962426203610e-01
3.973661400705270075e-01 3.603533606766291530e-01 2.422804992528438117e-01
3.465256606812118223e-01 3.278762839636465420e-01 3.255980553551415801e-01
3.428894111496521568e-01 3.414040746400613391e-01 3.157065142102865596e-01
3.502483703693059502e-01 3.265238499923047710e-01 3.232277796383892232e-01
3.536936191654747597e-01 3.395445627535232935e-01 3.067618180810017803e-01
3.490352638459051082e-01 3.354245523265137474e-01 3.155401838275811444e-01
3.588248707151301398e-01 3.247968151826164940e-01 3.163783141022531997e-01
3.814242495455684168e-01 3.096479245487757659e-01 3.089278259056560394e-01
3.467171409884633460e-01 3.305337308874180535e-01 3.227491281241184340e-01
3.442975481821192174e-01 3.307506432769427573e-01 3.249518085409379697e-01
3.484550858545922836e-01 3.392865630878235672e-01 3.122583510575840937e-01
3.816114952387326675e-01 3.260997437607358607e-01 2.922887610005315273e-01
3.610982271283735279e-01 3.274500035307459367e-01 3.114517693408804799e-01
3.758243798999648666e-01 3.301427128092990215e-01 2.940329072907361119e-01
3.904530725379425915e-01 3.099925823441073702e-01 2.995543451179500938e-01
4.343644678548718718e-01 2.876603167862618604e-01 2.779752153588662678e-01
3.944883117404776041e-01 3.045524534089517621e-01 3.009592348505705783e-01
4.454321467248814059e-01 2.790545193986384565e-01 2.755133338764800821e-01
3.646061907385377276e-01 3.271208793388731273e-01 3.082729299225891451e-01
3.830438278332908841e-01 3.265060173416384770e-01 2.904501548250706944e-01
3.532529564177214754e-01 3.245580727443239666e-01 3.221889708379545025e-01
3.861716643221901335e-01 3.107003092570185809e-01 3.031280264207912856e-01
3.633542847922718311e-01 3.516281211540420726e-01 2.850175940536860408e-01
3.982306504653895796e-01 3.565340469852534833e-01 2.452353025493568262e-01
3.672158206480086728e-01 3.450321843561002799e-01 2.877519949958911583e-01
4.114318120484687369e-01 3.637338870849116668e-01 2.248343008666195131e-01
4.056257583801827771e-01 3.158493079843292528e-01 2.785249336354880256e-01
7.245628049000804038e-01 1.381211302359045268e-01 1.373160648640150416e-01
6.365477466089650704e-01 1.956166759557474155e-01 1.678355774352876251e-01
6.792705397585270255e-01 1.657773104226497596e-01 1.549521498188233259e-01
6.568642052130271303e-01 1.810779258774198597e-01 1.620578689095529823e-01
7.260648102015038186e-01 1.390813989698665987e-01 1.348537908286296660e-01
7.759044456848145366e-01 1.167331633021673754e-01 1.073623910130182130e-01
7.856652504595770248e-01 1.137480435355568281e-01 1.005867060048661749e-01
7.383388794238173736e-01 1.346626651720641832e-01 1.269984554041185265e-01
6.983972783937174578e-01 1.520218142621940771e-01 1.495809073440884929e-01
9.999611450558871795e-01 2.247438664970277951e-05 1.638055746317207886e-05
6.926598665743096683e-01 1.778166531943296824e-01 1.295234802313606215e-01
7.469056060952943277e-01 1.360253490918492125e-01 1.170690448128563904e-01
7.195854524553098042e-01 1.820966098238171182e-01 9.831793772087306371e-02
4.629773721056691382e-01 3.057039185914207091e-01 2.313187093029101804e-01
6.143186663895559008e-01 2.025273872794445540e-01 1.831539463309995175e-01
4.374935800614361825e-01 3.579040053414438982e-01 2.046024145971199748e-01
5.628554189201800950e-01 2.496717626380556831e-01 1.874728184417641108e-01
4.561009944142634942e-01 3.483972801380151307e-01 1.955017254477212918e-01
5.723351640071522306e-01 2.437585914992706770e-01 1.839062444935771479e-01
5.610186175591433955e-01 2.394572183873792670e-01 1.995241640534774208e-01
6.278547050325523626e-01 1.977295195064909250e-01 1.744157754609566291e-01
6.168225769603925546e-01 2.019352958825044175e-01 1.812421271571030557e-01
7.032233805404043414e-01 1.526373373779935649e-01 1.441392820816019826e-01
7.530739052933723698e-01 1.446008095167443108e-01 1.023252851898833193e-01
8.180334597296005095e-01 9.985986101651658786e-02 8.210667925388290267e-02
5.955502953978868419e-01 2.501635217629865071e-01 1.542861828391267343e-01
5.393621723582027183e-01 2.547337778878726589e-01 2.059040497539246228e-01
5.677459449836662619e-01 2.328023570283699328e-01 1.994516979879636387e-01
5.764204288665577547e-01 2.364892860948843156e-01 1.870902850385579574e-01
5.446970819605485570e-01 2.419469857311835614e-01 2.133559323082678816e-01
5.157373049067172088e-01 2.665237999401397495e-01 2.177388951531430972e-01
5.246915794926508836e-01 2.538090789050355678e-01 2.214993416023134654e-01
5.352250462983885182e-01 2.693468941749166956e-01 1.954280595266948140e-01
5.237752212477037039e-01 2.725339055627981066e-01 2.036908731894981894e-01
5.724040114007070690e-01 2.480832137946857308e-01 1.795127748046073113e-01
4.133151833212212467e-01 3.209430867159955847e-01 2.657417299627832241e-01
4.395618788103642927e-01 3.779950047996492590e-01 1.824431163899863650e-01
4.850346445609013957e-01 3.360406266304937217e-01 1.789247288086050491e-01
5.993713609584594426e-01 2.550535380192546775e-01 1.455751010222857966e-01
7.502463832532669796e-01 1.420696742574092675e-01 1.076839424893237529e-01
6.601853813896784162e-01 1.779022045383740203e-01 1.619124140719475358e-01
5.126903593049528807e-01 2.596145206039554565e-01 2.276951200910916628e-01
4.301462943306758047e-01 2.905639516789154664e-01 2.792897539904086734e-01
4.296362845029176869e-01 2.882283639739934289e-01 2.821353515230889952e-01
4.990328105996136854e-01 2.979388861876200445e-01 2.030283032127662701e-01
5.145567680341376349e-01 3.036576087187319306e-01 1.817856232471305733e-01
5.974101309726510545e-01 2.475701250311282686e-01 1.550197439962206214e-01
6.471849864479328751e-01 2.002590342762848585e-01 1.525559792757822386e-01
6.059501061808468814e-01 2.076388704417872211e-01 1.864110233773659531e-01
5.329975433499594129e-01 2.342837096678850595e-01 2.327187469821554444e-01
5.038941315834928325e-01 2.534815012339504681e-01 2.426243671825567549e-01
4.965369086214087013e-01 2.749617584849639584e-01 2.285013328936272570e-01
5.792968068128847570e-01 2.489129295694857413e-01 1.717902636176295572e-01
5.334418726747011119e-01 2.781706822502742482e-01 1.883874450750247787e-01
6.019816021995252342e-01 2.240193504990800333e-01 1.739990473013947048e-01
5.871228703676788507e-01 2.211393256456114231e-01 1.917378039867097539e-01
5.475200967300951627e-01 2.361867339429492285e-01 2.162931693269555811e-01
5.273112695011201723e-01 2.500990039847045265e-01 2.225897265141752734e-01
5.145139779467564622e-01 2.671829964554616743e-01 2.183030255977817802e-01
5.092658541820190843e-01 2.838232436634871014e-01 2.069109021544937033e-01
7.026979299718966177e-01 1.498615232332612124e-01 1.474405467948421422e-01
6.668249147068758820e-01 1.680426503007909633e-01 1.651324349923329882e-01
6.232083473187758349e-01 1.950407264256738549e-01 1.817509262555503657e-01
7.202037348247014581e-01 1.424629707147403723e-01 1.373332944605581418e-01
6.589044285965170999e-01 1.762468111166539120e-01 1.648487602868289881e-01
7.131512669945805349e-01 1.450524170988359840e-01 1.417963159065834533e-01
6.212928786494066324e-01 1.921413821054828441e-01 1.865657392451104402e-01
7.585814870583997838e-01 1.221240177110059638e-01 1.192944952305943079e-01
8.414533185979432561e-01 8.281812805672433830e-02 7.572855334533248883e-02
7.340092319560237444e-01 1.407631241802176914e-01 1.252276438637585643e-01
9.999684679481991578e-01 1.676304691762209922e-05 1.476900488315157527e-05
7.257951230075926352e-01 1.499190932499138706e-01 1.242857837424936190e-01
8.125914225066239727e-01 9.874808259097242469e-02 8.866049490240360265e-02
8.774106552091539557e-01 6.503482418089213957e-02 5.755452060995381453e-02
6.813243378999710442e-01 1.672549406135280525e-01 1.514207214865009032e-01
7.656179406784504593e-01 1.200660092234197146e-01 1.143160500981298677e-01
7.380360248514026278e-01 1.311116727588902686e-01 1.308523023897070758e-01
7.432580337104338630e-01 1.304749324484935080e-01 1.262670338410726012e-01
7.301764268331770724e-01 1.355300101551271674e-01 1.342935630116956491e-01
7.632223989130821895e-01 1.203373410752050648e-01 1.164402600117126485e-01
7.510261463893469491e-01 1.273352777439421823e-01 1.216385758667110073e-01
7.531507496729767936e-01 1.268101589833147969e-01 1.200390913437084373e-01
7.938959547645394466e-01 1.071907514658757971e-01 9.891329376958465924e-02
7.956088816159149202e-01 1.060672323790824434e-01 9.832388600500267806e-02
8.566848605587121801e-01 7.540424859571494276e-02 6.791089084557283551e-02
8.305139461180660598e-01 8.863037036132220825e-02 8.085568352061167641e-02
8.343990525079668652e-01 8.674885875748836184e-02 7.885208873454478684e-02
9.014982819330566999e-01 5.190274907408937849e-02 4.659896899285392857e-02
7.760653586834603823e-01 1.147419195228615157e-01 1.091927217936780325e-01
7.768194845923506175e-01 1.136881955161695296e-01 1.094923198914798668e-01
8.475392607772307407e-01 7.941492357955591552e-02 7.304581564321334375e-02
8.202760822624605153e-01 9.340845347125724396e-02 8.631546426628219915e-02
7.945239826327706867e-01 1.062906715951063008e-01 9.918534577212308190e-02
6.913376282169645393e-01 1.580611282057574896e-01 1.506012435772778879e-01
5.857694051735555796e-01 2.165245633244790857e-01 1.977060315019653625e-01
5.003099485702564575e-01 2.526010933701710592e-01 2.470889580595726776e-01
6.729101820903305997e-01 1.691736684300249038e-01 1.579161494796444964e-01
6.326777403064121064e-01 1.858029018172840385e-01 1.815193578763038829e-01
5.197088671641102442e-01 2.425568036869628630e-01 2.377343291489268928e-01
5.896699379064562763e-01 2.297540311157391657e-01 1.805760309778046135e-01
5.130207130649560021e-01 2.938564550071650072e-01 1.931228319278788796e-01
5.808208360132796066e-01 2.291873670751514991e-01 1.899917969115688665e-01
4.689078958617398651e-01 3.058857448333383022e-01 2.252063593049218049e-01
5.304412431395213456e-01 2.352795396242939596e-01 2.342792172361845560e-01
6.086871010128529491e-01 1.983948277333545396e-01 1.929180712537925946e-01
5.595075564171552163e-01 2.452245058802631772e-01 1.952679377025816343e-01
6.403469966230128652e-01 1.986602656242818510e-01 1.609927377527052561e-01
6.740003248932899815e-01 1.755872580568276775e-01 1.504124170498823965e-01
5.387581178005438343e-01 2.568711428891269355e-01 2.043707393103292858e-01
8.777426632244694771e-01 6.201974178762732076e-02 6.023759498790325767e-02
9.999417041652406413e-01 2.935125884443150218e-05 2.894457591502195998e-05
8.840107366946365897e-01 5.988131873884200429e-02 5.610794456652135748e-02
9.030267101940411267e-01 4.888793081688867087e-02 4.808535898907024403e-02
8.322931617561938333e-01 8.450707546291827410e-02 8.319976278088776767e-02
7.791594033245213824e-01 1.135506650253658156e-01 1.072899316501127742e-01
7.835055888183878325e-01 1.112263695068085034e-01 1.052680416748035253e-01
7.479462191041800212e-01 1.281903883988452786e-01 1.238633924969746863e-01
8.068351946941508812e-01 1.007136786711545495e-01 9.245112663469448600e-02
6.861190488607831206e-01 1.631672662462864409e-01 1.507136848929303552e-01
7.092437362670472867e-01 1.488952325369605756e-01 1.418610311959921932e-01
7.013784240447135110e-01 1.599245282559896841e-01 1.386970476992968049e-01
7.578184382000345831e-01 1.212041243270658014e-01 1.209774374728995877e-01
8.260031516595549572e-01 8.906471103023859415e-02 8.493213731020643475e-02
8.430948000497698880e-01 7.937593110464677415e-02 7.752926884558318521e-02
8.078465230122918728e-01 1.007666614681324707e-01 9.138681551957564264e-02
7.441783082658608439e-01 1.366630058710760487e-01 1.191586858630630519e-01
4.050807440235444368e-01 3.989251404572648485e-01 1.959941155191906870e-01
5.756775721458537998e-01 2.281630438394963156e-01 1.961593840146498846e-01
5.093251451933851204e-01 3.163277702868788621e-01 1.743470845197361285e-01
9.999186785866035487e-01 4.156137415687918943e-05 3.976003923966444080e-05
4.866150617061163475e-01 3.316374177125200329e-01 1.817475205813636197e-01
6.765142519942626276e-01 1.727057879678212393e-01 1.507799600379162719e-01
4.676728499214470314e-01 3.228555418012147848e-01 2.094716082773381005e-01
4.127805703507534951e-01 3.882135400122094238e-01 1.990058896370371089e-01
4.014718740431184596e-01 3.401847765756408348e-01 2.583433493812406501e-01
3.869255675607343181e-01 3.693570745755270224e-01 2.437173578637386873e-01
8.073245476422166167e-01 1.004711480335588325e-01 9.220430432422462019e-02
9.999104694310372299e-01 4.721466631164387962e-05 4.231590265112147512e-05
3.515550551447874650e-01 3.276769719037127548e-01 3.207679729514998912e-01
3.684024639396549783e-01 3.246128730598205614e-01 3.069846630005245158e-01
6.110379034994983805e-01 2.134833713418918533e-01 1.754787251586097108e-01
7.370610017283947268e-01 1.445955000623393716e-01 1.183434982092658738e-01
3.914446111608986256e-01 3.605789635937639570e-01 2.479764252453374451e-01
3.811863885196715707e-01 3.741278556655779908e-01 2.446857558147504663e-01
7.975732669688478937e-01 1.091243847462236016e-01 9.330234828492853238e-02
4.179481609508168272e-01 3.285103065366181130e-01 2.535415325125650043e-01
8.999383425480198540e-01 5.614918697439803125e-02 4.391247047758213562e-02
3.928413204578098950e-01 3.422842232394471829e-01 2.648744563027428667e-01
5.746685840340851614e-01 3.018674810990827906e-01 1.234639348668320064e-01
5.546165799789436468e-01 3.233997487243305269e-01 1.219836712967256875e-01
4.768600694158904862e-01 2.991279203879335657e-01 2.240120101961758370e-01
4.493112158807991419e-01 2.960745221270436045e-01 2.546142619921571981e-01
6.401047569078300858e-01 1.811673539592896509e-01 1.787278891328803188e-01
4.490272676314767675e-01 3.524039257834120087e-01 1.985688065851112794e-01
5.597323101775403265e-01 2.451750012557677161e-01 1.950926885666920407e-01
3.628372343824776136e-01 3.331466819771913834e-01 3.040160836403310030e-01
4.947496066624312294e-01 2.722321729165829152e-01 2.330182204209859942e-01
3.798025146734343993e-01 3.600280435165825743e-01 2.601694418099829709e-01
3.795806484321203600e-01 3.515330328816349548e-01 2.688863186862445742e-01
3.493667650734856300e-01 3.469227961571296204e-01 3.037104387693846386e-01
4.901650884665503805e-01 2.721916600711290490e-01 2.376432514623205983e-01
4.800025213530300650e-01 2.785012238988218702e-01 2.414962547481480648e-01
3.618787407538942014e-01 3.551348450325330641e-01 2.829864142135727345e-01
5.487249904222962771e-01 2.883200835289675967e-01 1.629549260487362095e-01
6.183286129680961585e-01 2.323263775380144391e-01 1.493450094938894857e-01
4.660203554807011428e-01 3.996271779376959765e-01 1.343524665816028529e-01
4.711209059289823697e-01 3.961335970892107539e-01 1.327454969818067931e-01
3.754852776195745090e-01 3.498448531373701265e-01 2.746698692430554201e-01
3.797701900454776847e-01 3.496928556677095790e-01 2.705369542868126809e-01
6.683802014258375390e-01 1.811959168522286057e-01 1.504238817219338831e-01
6.214944801264618013e-01 2.074127424982897261e-01 1.710927773752484171e-01
3.422328410897237383e-01 3.422085973409172421e-01 3.155585615693590196e-01
3.964272653393636769e-01 3.180046490560727857e-01 2.855680856045634264e-01
4.110610588898871987e-01 3.124892673974237756e-01 2.764496737126890813e-01
3.511535944056979885e-01 3.486860939752511879e-01 3.001603116190508236e-01
4.208594584823877605e-01 3.078393710687394869e-01 2.713011704488728082e-01
3.891727290704619091e-01 3.069051270932016129e-01 3.039221438363364780e-01
6.458753131712450246e-01 1.922356303597310412e-01 1.618890564690239342e-01
5.673176054343533892e-01 2.463686090342163126e-01 1.863137855314302704e-01
4.647688034804479673e-01 2.722814025762004264e-01 2.629497939433517173e-01
5.329999405873282470e-01 2.386973901305309009e-01 2.283026692821408521e-01
6.915765085559922865e-01 1.619473079330531473e-01 1.464761835109545940e-01
5.626497814766011629e-01 3.040106810592717590e-01 1.333395374641270226e-01
5.298272438014955954e-01 3.567161586071747048e-01 1.134565975913297414e-01
5.131884082988775742e-01 3.689408287072568071e-01 1.178707629938657020e-01
8.518888165205220631e-01 1.010145519276572507e-01 4.709663155182075567e-02
9.999311001509394448e-01 4.785654281834762069e-05 2.104330624228604489e-05
9.373340810736167095e-01 4.337825037739462958e-02 1.928766854898871647e-02
9.276907123277456924e-01 4.993934543033872603e-02 2.236994224191547059e-02
5.936007392081640299e-01 2.359482704098311845e-01 1.704509903820047856e-01
4.442676995293400877e-01 3.470795152499057679e-01 2.086527852207542000e-01
5.190417290004462059e-01 3.021601856481964110e-01 1.787980853513574109e-01
4.003444357905104334e-01 3.739336704524077737e-01 2.257218937570818762e-01
7.837278222482018109e-01 1.122469672088522025e-01 1.040252105429459867e-01
3.404504519325009526e-01 3.351504663298004449e-01 3.243990817376987135e-01
9.997564180012307178e-01 1.333887793202291898e-04 1.101932194491180776e-04
3.915928810799523818e-01 3.655175803550871905e-01 2.428895385649605110e-01
5.249065524687811513e-01 3.475436862221479850e-01 1.275497613090709470e-01
5.526776174903741401e-01 3.362457480057973735e-01 1.110766345038283059e-01
6.948553027434511975e-01 1.793126085986198881e-01 1.258320886579289699e-01
4.709852344565820803e-01 2.857563304357355061e-01 2.432584351076824136e-01
4.208561906584157297e-01 3.096784562046872025e-01 2.694653531368971233e-01
3.701869162114899137e-01 3.582932299761984463e-01 2.715198538123116956e-01
5.339355425065224203e-01 2.551122059856958391e-01 2.109522515077817684e-01
3.397626541159972646e-01 3.363600376451844065e-01 3.238773082388182178e-01
4.892289329368888495e-01 2.990705238526781273e-01 2.117005432104330231e-01
3.703112531656224671e-01 3.223415118143123648e-01 3.073472350200652237e-01
3.581956352607537641e-01 3.224599929640297735e-01 3.193443717752162958e-01
4.091062841774911751e-01 2.993062998737758829e-01 2.915874159487329420e-01
4.366384146263681543e-01 3.195835900488163128e-01 2.437779953248154774e-01
9.999408826436683162e-01 3.383954595597102343e-05 2.527781037567910664e-05
4.950680771889111598e-01 3.813485711452451743e-01 1.235833516658436521e-01
6.366022170590788232e-01 2.684105147547982684e-01 9.498726818612297784e-02
8.241170144298314293e-01 1.238128206356856609e-01 5.207016493448292371e-02
8.426412058242285230e-01 1.084825567669620988e-01 4.887623740880946144e-02
8.088551364937655030e-01 1.334414652506219767e-01 5.770339825561262431e-02
8.852642612401551148e-01 7.914504676902200941e-02 3.559069199082297297e-02
6.610022973769122956e-01 2.423527084489763284e-01 9.664499417411144544e-02
5.873641900671575655e-01 3.056161502032463395e-01 1.070196597295960256e-01
3.394552151516671556e-01 3.354475327678673180e-01 3.250972520804655264e-01
4.810351189893777302e-01 2.626395001796065221e-01 2.563253808310157478e-01
4.785012732575149030e-01 3.465512780471411980e-01 1.749474486953438712e-01
5.209919798560758153e-01 3.425893891798516555e-01 1.364186309640726125e-01
3.830892343924803267e-01 3.292550542391503021e-01 2.876557113683694267e-01
6.140272558939934289e-01 2.083920483033935844e-01 1.775806958026129589e-01
3.699898783571503591e-01 3.232014020817975397e-01 3.068087195610520457e-01
3.871061406771692526e-01 3.312548212884557919e-01 2.816390380343750111e-01
4.503161843097081563e-01 2.930036769760830384e-01 2.566801387142086943e-01
7.146451094145707117e-01 1.449858047843405606e-01 1.403690858010887277e-01
6.658227123707624040e-01 2.312994510941987769e-01 1.028778365350389301e-01
7.107326856008086002e-01 1.897419401292636532e-01 9.952537426992785763e-02
7.160387977069693211e-01 1.869199734887258546e-01 9.704122880430485210e-02
7.198078189725432008e-01 1.855898297054695278e-01 9.460235132198717423e-02
7.330415044169514838e-01 1.779169748751788516e-01 8.904152070786974793e-02
7.556122425446641921e-01 1.652627894146922460e-01 7.912496804064346467e-02
7.597279546691472207e-01 1.647278646968353966e-01 7.554418063401727168e-02
5.134447035848258567e-01 3.634555730004266905e-01 1.230997234147473973e-01
3.408939249687850670e-01 3.388553727240037339e-01 3.202507023072110881e-01
4.826730009914984021e-01 2.699634386675804909e-01 2.473635603409210793e-01
4.452378743324563182e-01 2.838435596547806417e-01 2.709185660127630402e-01
3.516340431652480447e-01 3.252114271960352965e-01 3.231545296387167698e-01
4.482486724436955949e-01 2.919345717468321832e-01 2.598167558094722773e-01
4.665650808754804868e-01 2.945110272365815685e-01 2.389238918879379447e-01
4.282074813349138198e-01 3.615450409644803131e-01 2.102474777006058670e-01
4.957845280542693134e-01 2.871402716516403553e-01 2.170752002940903869e-01
4.127267012624302733e-01 3.671335054987033830e-01 2.201397932388663436e-01
4.605423920839321061e-01 3.076027183183954183e-01 2.318548895976724478e-01
4.056485567067493747e-01 3.021959271677116532e-01 2.921555161255389166e-01
3.976049504403740276e-01 3.118552611304372668e-01 2.905397884291886501e-01
4.109026332213195354e-01 3.066461865635474182e-01 2.824511802151330464e-01
4.418215046105939403e-01 2.975360632686965823e-01 2.606424321207094219e-01
5.935645414855994506e-01 2.068187561034424138e-01 1.996167024109581634e-01
6.377311519790979100e-01 1.876257971593446039e-01 1.746430508615574584e-01
7.969473625468168621e-01 1.047541226290421568e-01 9.829851482414092567e-02
8.969292595349127595e-01 5.413835134072470662e-02 4.893238912436254778e-02
6.600611642570440862e-01 1.762354848003701291e-01 1.637033509425857847e-01
6.585132913773753538e-01 1.768451428958298655e-01 1.646415657267948363e-01
4.683131433039641189e-01 2.865457948706812141e-01 2.451410618253547224e-01
4.621711047542382267e-01 2.927191074152838413e-01 2.451097878304779043e-01
3.943731576509276748e-01 3.530473340766301371e-01 2.525795082724421325e-01
4.691490994982153717e-01 2.919541533475482620e-01 2.388967471542363941e-01
4.008538903419884836e-01 3.492175975353015716e-01 2.499285121227098894e-01
4.787684297767945685e-01 2.866122642094851014e-01 2.346193060137203024e-01
6.008493555267285791e-01 2.030172353612432201e-01 1.961334091120283118e-01
5.266769169264490236e-01 2.504301362169653045e-01 2.228929468565856720e-01
5.659666540365202447e-01 2.176065445813190335e-01 2.164268013821606940e-01
5.451178016385346270e-01 2.400887197602633027e-01 2.147934786012019592e-01
6.394272936976418409e-01 1.811086952281863727e-01 1.794640110741718142e-01
5.877136574228376542e-01 2.155137951870862156e-01 1.967725473900761024e-01
3.971404770539704310e-01 3.393213465738109114e-01 2.635381763722186577e-01
3.754434774907994266e-01 3.514747250758154529e-01 2.730817974333851206e-01
4.255143834905082412e-01 3.275212129758391932e-01 2.469644035336525933e-01
4.035670016275080263e-01 3.611947982593034512e-01 2.352382001131886058e-01
4.248191210300363285e-01 2.952679948795527420e-01 2.799128840904109294e-01
4.047112989659825688e-01 3.004715867930504158e-01 2.948171142409669598e-01
3.542230071581707884e-01 3.289224022460985886e-01 3.168545905957306230e-01
3.640100871479890476e-01 3.208534595958815183e-01 3.151364532561294896e-01
3.986736719840841547e-01 3.027696301700109061e-01 2.985566978459049392e-01
3.722690182703874417e-01 3.224014957204961451e-01 3.053294860091164131e-01
5.485212817827904708e-01 2.991797671309996409e-01 1.522989510862099161e-01
5.857948038843489025e-01 2.634776746343679421e-01 1.507275214812830444e-01
3.911101404526288183e-01 3.138486730683461845e-01 2.950411864790249417e-01
4.280299584985644556e-01 3.298720389861493629e-01 2.420980025152861814e-01
4.412558474946711162e-01 3.747277732857430821e-01 1.840163792195858017e-01
3.678512385744197033e-01 3.176574805139015800e-01 3.144912809116787167e-01
4.654172826743976366e-01 2.749366401488195222e-01 2.596460771767827858e-01
5.205863842120769247e-01 2.603422182909043703e-01 2.190713974970187328e-01
4.274950094833257497e-01 3.016117497312542084e-01 2.708932407854199864e-01
4.895350863420556142e-01 3.519675498487986331e-01 1.584973638091457804e-01
5.333317283534261266e-01 3.326971182857387799e-01 1.339711533608350380e-01
5.498135819796765578e-01 2.303421530043456844e-01 2.198442650159777856e-01
3.458208412100370333e-01 3.281127796147735309e-01 3.260663791751894358e-01
3.881903233327005376e-01 3.113088244289387574e-01 3.005008522383608160e-01
3.939950998505075686e-01 3.281641725359131789e-01 2.778407276135793080e-01
3.731775822701573486e-01 3.618003436605803369e-01 2.650220740692622590e-01
5.829553986235260776e-01 2.174543812838228563e-01 1.995902200926510384e-01
3.905488139717288032e-01 3.109900161065845547e-01 2.984611699216866976e-01
5.406812435135036621e-01 2.341303557884591435e-01 2.251884006980373054e-01
3.654665593491998044e-01 3.244955689044908831e-01 3.100378717463092570e-01
6.630040432280652762e-01 1.691779002947615407e-01 1.678180564771730998e-01
5.798817245857617042e-01 2.124618808705018846e-01 2.076563945437363834e-01
6.290662629021233077e-01 1.962195916384953387e-01 1.747141454593812149e-01
5.659697090739539416e-01 2.203937318576926485e-01 2.136365590683532434e-01
3.716756952706778416e-01 3.172374869828574750e-01 3.110868177464646833e-01
3.467024573364413942e-01 3.327706946898295604e-01 3.205268479737289899e-01
5.236757200253221445e-01 2.395425106761751299e-01 2.367817692985027533e-01
4.537792284970504353e-01 2.818250311070511493e-01 2.643957403958984709e-01
4.975633016426751487e-01 2.540494757513750979e-01 2.483872226059497812e-01
4.904146597403496455e-01 2.618300355756665310e-01 2.477553046839837403e-01
3.848427834393641223e-01 3.497099309774698850e-01 2.654472855831659373e-01
3.405329426436392581e-01 3.395513537451785302e-01 3.199157036111821006e-01
4.088426395746729280e-01 3.282707515104951734e-01 2.628866089148317875e-01
3.981957170824461101e-01 3.059212213346116926e-01 2.958830615829422528e-01
4.450281776100896702e-01 2.831635328422116848e-01 2.718082895476987004e-01
3.823266082589210635e-01 3.548588106840364076e-01 2.628145810570425844e-01
4.721596289972239679e-01 2.792282906466723169e-01 2.486120803561037429e-01
3.652841616089364529e-01 3.385484937067543831e-01 2.961673446843092194e-01
3.946249110790780446e-01 3.693214762862064293e-01 2.360536126347154984e-01
4.815675780862101463e-01 2.894931488693740507e-01 2.289392730444158863e-01
5.797704013833392400e-01 2.544889706839205679e-01 1.657406279327402199e-01
5.808084040486644062e-01 2.540466133239489555e-01 1.651449826273866106e-01
5.918883915809012297e-01 2.541751497561714479e-01 1.539364586629272946e-01
5.827999691422071082e-01 2.551916556084508070e-01 1.620083752493420293e-01
6.517004807333716121e-01 2.300758268554530250e-01 1.182236924111753212e-01
6.296839658463192491e-01 2.405063877351952539e-01 1.298096464184855525e-01
3.726071961832421731e-01 3.559310976603138332e-01 2.714617061564438827e-01
3.820829181033069677e-01 3.430322888575744744e-01 2.748847930391185024e-01
5.051901880084966878e-01 2.712483254736127725e-01 2.235614865178904287e-01
4.781605669576587392e-01 2.823967966989628375e-01 2.394426363433784233e-01
6.794719420665970011e-01 1.651249472818757114e-01 1.554031106515274818e-01
6.711669353117869496e-01 1.725048477254765567e-01 1.563282169627363827e-01
8.740049406179949409e-01 6.860017955179405214e-02 5.739487983021092365e-02
9.999804298225857258e-01 1.042062130202667751e-05 9.149556112418157791e-06
6.588142170731737801e-01 1.834184532629661302e-01 1.577673296638601175e-01
6.686396309741893251e-01 1.743924321463762306e-01 1.569679368794345553e-01
4.709842431970171495e-01 2.832054451579200105e-01 2.458103116450628400e-01
4.700745009816831854e-01 2.763862233078827058e-01 2.535392757104341643e-01
3.961807327304541215e-01 3.510996076633408070e-01 2.527196596062050715e-01
4.720879034143705133e-01 2.849996290892336526e-01 2.429124674963958341e-01
3.871202863011586892e-01 3.522253620673264085e-01 2.606543516315148468e-01
4.778733091567226587e-01 2.858816959990481132e-01 2.362449948442292558e-01
5.565530583960203170e-01 2.320864254593238418e-01 2.113605161446559522e-01
6.590957347792971710e-01 1.727883894878497750e-01 1.681158757328530817e-01
5.602065066701480411e-01 2.263698962925609903e-01 2.134235970372909685e-01
6.328355389685335064e-01 1.846346395079318248e-01 1.825298215235346966e-01
7.012015003871218122e-01 1.545943862249480605e-01 1.442041133879300996e-01
7.802779016320487981e-01 1.162502392245587379e-01 1.034718591433924501e-01
6.627577543532646720e-01 1.748545008949742019e-01 1.623877447517610706e-01
8.234148569619694769e-01 9.580267484593750493e-02 8.078246819209310148e-02
7.807046360530498497e-01 1.219902419941155530e-01 9.730512195283459731e-02
6.384969278013028493e-01 1.914459177433805170e-01 1.700571544553166059e-01
6.536146523641341854e-01 1.777011811700557331e-01 1.686841664658100537e-01
8.077196401221667932e-01 1.062416299923281543e-01 8.603872988550509415e-02
7.427842857216195860e-01 1.452944337901803384e-01 1.119212804882000339e-01
6.686050184226902671e-01 1.672819031169471282e-01 1.641130784603626047e-01
6.417176990605059084e-01 1.961930846397574313e-01 1.620892162997367436e-01
6.202002742109365974e-01 2.115609569941128143e-01 1.682387687949505883e-01
4.649592398326323206e-01 2.697407542841352979e-01 2.653000058832324370e-01
4.683932528178353927e-01 2.706450574236216045e-01 2.609616897585430584e-01
3.812055927212939510e-01 3.496109770178297826e-01 2.691834302608762108e-01
4.506532278184758877e-01 2.867956839607357922e-01 2.625510882207883756e-01
3.697210118094936271e-01 3.514691141379172046e-01 2.788098740525891683e-01
4.648358757427889509e-01 2.836347675918693967e-01 2.515293566653415969e-01
5.543197885264860014e-01 2.247129742666547358e-01 2.209672372068592905e-01
5.365761103881496741e-01 2.341265778028968625e-01 2.292973118089534912e-01
5.199503379222270016e-01 2.531417683689308751e-01 2.269078937088420955e-01
5.096549705443219613e-01 2.641690327556039941e-01 2.261759967000740446e-01
4.130734899966249096e-01 3.104591929747894108e-01 2.764673170285857351e-01
3.970225963872203168e-01 3.268394777068486245e-01 2.761379259059311142e-01
3.393977845536705895e-01 3.383313264961476663e-01 3.222708889501817997e-01
3.538787791025577167e-01 3.269121012764030221e-01 3.192091196210392057e-01
3.697822088478078806e-01 3.153438548019512067e-01 3.148739363502409128e-01
3.681103686721967083e-01 3.170668172916929484e-01 3.148228140361102878e-01
3.944312838176936009e-01 3.115307433106088708e-01 2.940379728716975283e-01
3.792748754804031175e-01 3.117510072474773408e-01 3.089741172721195972e-01
3.523777567102108765e-01 3.367966178710905534e-01 3.108256254186984591e-01
3.642437731919356825e-01 3.271164387868099044e-01 3.086397880212544131e-01
4.020190333485222367e-01 3.070104601436194347e-01 2.909705065078583286e-01
3.414981505536348050e-01 3.388366567428215403e-01 3.196651927035435437e-01
6.762097924488412737e-01 1.863339764597750081e-01 1.374562310913838015e-01
5.816761408522139742e-01 2.281860444258866083e-01 1.901378147218995007e-01
4.989837028939301811e-01 2.599261445782245494e-01 2.410901525278451862e-01
3.508594164003195903e-01 3.478956119101469513e-01 3.012449716895335139e-01
4.384719760276226119e-01 2.854539279003137087e-01 2.760740960720637904e-01
5.170068029277848920e-01 2.488124031351104104e-01 2.341807939371046421e-01
6.970268856843707672e-01 1.735214257360433998e-01 1.294516885795858607e-01
6.009206273308943524e-01 2.256910496174102665e-01 1.733883230516953811e-01
4.607391120561239450e-01 2.786484711315372342e-01 2.606124168123387652e-01
4.236675105935417407e-01 2.948342653843702976e-01 2.814982240220879617e-01
3.566707356397274542e-01 3.514176647459013592e-01 2.919115996143710201e-01
4.306469625003571111e-01 2.947838860879367640e-01 2.745691514117061249e-01
3.652984238844572684e-01 3.184057000478349164e-01 3.162958760677077596e-01
3.706232449453925049e-01 3.152678897158057159e-01 3.141088653388018348e-01
6.343163872313676288e-01 1.891496932719011481e-01 1.765339194967312786e-01
7.724192201149501225e-01 1.160267601446783869e-01 1.115540197403715739e-01
8.939710685798675227e-01 5.466999239794852194e-02 5.135893902218400392e-02
5.309880474450640042e-01 2.351059459089546444e-01 2.339060066459812681e-01
6.828122875033942885e-01 1.661932442739214033e-01 1.509944682226843637e-01
7.006809649884911950e-01 1.608830466361134137e-01 1.384359883753954190e-01
3.987577603900769874e-01 3.908867517812639192e-01 2.103554878286590657e-01
5.230435360778491471e-01 2.858764017032786597e-01 1.910800622188721376e-01
5.176699028164127858e-01 2.831029011099678860e-01 1.992271960736194669e-01
4.154427548221060196e-01 3.863421200312869841e-01 1.982151251466070241e-01
5.285456254125328046e-01 2.770292766046116850e-01 1.944250979828555936e-01
5.590139761518271300e-01 2.698357282176714333e-01 1.711502956305014367e-01
6.780433421009067763e-01 1.614543473293311715e-01 1.605023105697619690e-01
5.304653018728852087e-01 2.375191873870666492e-01 2.320155107400482253e-01
5.258420411021842433e-01 2.405337544680258288e-01 2.336242044297898446e-01
6.396749103723313734e-01 1.852213780133315224e-01 1.751037116143371042e-01
6.227304297831062208e-01 1.967853687085921177e-01 1.804842015083017448e-01
6.344281942743816849e-01 1.845135560688439258e-01 1.810582496567743060e-01
5.136180653398864093e-01 2.564617656611434815e-01 2.299201689989699982e-01
4.988538992592920773e-01 2.784720987953808180e-01 2.226740019453271324e-01
4.427906125555824413e-01 3.122811565008733470e-01 2.449282309435441840e-01
4.126658489073391500e-01 3.543857579798093682e-01 2.329483931128514262e-01
4.100207290406951421e-01 3.100958560215421045e-01 2.798834149377627534e-01
4.104749893159689300e-01 2.974758824141696678e-01 2.920491282698614577e-01
3.522223572937335234e-01 3.520374287161031068e-01 2.957402139901632587e-01
3.454658051987851697e-01 3.414684170291721332e-01 3.130657777720428081e-01
4.063143160514612329e-01 3.198196344536159974e-01 2.738660494949226587e-01
4.012664750530334778e-01 3.093491895011573067e-01 2.893843354458092154e-01
4.534015131330649817e-01 2.959538132741588723e-01 2.506446735927762015e-01
4.553902239828921394e-01 2.844596006113925823e-01 2.601501754057153892e-01
3.941746199284375529e-01 3.491103176555478416e-01 2.567150624160146055e-01
4.109129972058179758e-01 3.516983163424768355e-01 2.373886864517051887e-01
4.059136313215366276e-01 3.315092028425643544e-01 2.625771658358990179e-01
3.683781871023076304e-01 3.492115502459620657e-01 2.824102626517302483e-01
5.532202779376699242e-01 2.680606513479041886e-01 1.787190707144259705e-01
5.378325458711787910e-01 2.734932103771569589e-01 1.886742437516643334e-01
5.115431812193510508e-01 2.947391342054067054e-01 1.937176845752422716e-01
5.934225285760461599e-01 2.400663448987923054e-01 1.665111265251615902e-01
4.443598860294896147e-01 3.100697487875639369e-01 2.455703651829463652e-01
4.358420354774074079e-01 3.259434599465930726e-01 2.382145045759995472e-01
